%YAML:1.0
---
K1: !!opencv-matrix
   rows: 3
   cols: 3
   dt: d
   data: [ 2.8686982160619755e+02, 8.1675557656033626e-01,
       4.1956096050064997e+02, 0., 2.8670460150709266e+02,
       4.0830100639850394e+02, 0., 0., 1. ]
K2: !!opencv-matrix
   rows: 3
   cols: 3
   dt: d
   data: [ 2.8686982160619755e+02, 8.1675557656033626e-01,
       4.1956096050064997e+02, 0., 2.8670460150709266e+02,
       4.0830100639850394e+02, 0., 0., 1. ]
D1: !!opencv-matrix
   rows: 4
   cols: 1
   dt: d
   data: [ -6.0630858997866950e-03, 5.3118190719451605e-02,
       -5.7208085335066675e-02, 1.4289639628814308e-02 ]
D2: !!opencv-matrix
   rows: 4
   cols: 1
   dt: d
   data: [ -6.0630858997866950e-03, 5.3118190719451605e-02,
       -5.7208085335066675e-02, 1.4289639628814308e-02 ]
R: !!opencv-matrix
   rows: 3
   cols: 3
   dt: d
   data: [ 9.9998018156185531e-01, -4.3662185099133192e-04,
       6.2805927171142636e-03, 4.3076301856457498e-04,
       9.9999947088509955e-01, 9.3416954706966213e-04,
       -6.2809972727958536e-03, -9.3144558621108145e-04,
       9.9997984053798761e-01 ]
T: [ -6.2884258280632654e-02, -3.4853563798464376e-04,
    3.4979069838738769e-04 ]
R1: !!opencv-matrix
   rows: 3
   cols: 3
   dt: d
   data: [ 9.9998667763832649e-01, 5.1108929904789650e-03,
       7.2340770070719335e-04, -5.1112239940094058e-03,
       9.9998683343249772e-01, 4.5645473920643745e-04,
       -7.2106528458378829e-04, -4.6014615694862606e-04,
       9.9999963416511795e-01 ]
R2: !!opencv-matrix
   rows: 3
   cols: 3
   dt: d
   data: [ 9.9996917136578922e-01, 5.5423233514558436e-03,
       -5.5622809965777658e-03, -5.5448719934008735e-03,
       9.9998452900440471e-01, -4.4288420097538200e-04,
       5.5597403351039121e-03, 4.7371268357769629e-04,
       9.9998443232067347e-01 ]
P1: !!opencv-matrix
   rows: 3
   cols: 4
   dt: d
   data: [ 2.2220122864302564e+02, 0., 2.6906272432744379e+02, 0., 0.,
       2.2220122864302564e+02, 1.0625581977419934e+03, 0., 0., 0., 1.,
       0. ]
P2: !!opencv-matrix
   rows: 3
   cols: 4
   dt: d
   data: [ 2.2220122864302564e+02, 0., 2.6906272432744379e+02,
       -1.3973390232798110e+01, 0., 2.2220122864302564e+02,
       1.0625581977419934e+03, 0., 0., 0., 1., 0. ]
Q: !!opencv-matrix
   rows: 4
   cols: 4
   dt: d
   data: [ 1., 0., 0., -2.6906272432744379e+02, 0., 1., 0.,
       -1.0625581977419934e+03, 0., 0., 0., 2.2220122864302564e+02, 0.,
       0., 1.5901740733002546e+01, 0. ]
raw_width: 848
raw_height: 800
output_width: 520
output_height: 300 #400
resize_factor: 2
f: 222
baseline: 6.2886196976196157e-02
cx: 269
cy: 1062
offset_x: 9
offset_y: 912 #862
output_cx: 260
output_cy: 150 #200
raw_fps: 30
