%YAML:1.0
---
K1: !!opencv-matrix
   rows: 3
   cols: 3
   dt: d
   data: [ 2.8710058374663419e+02, 0., 4.1904579518327267e+02, 0.,
       2.8693840589986081e+02, 4.0946474162639777e+02, 0., 0., 1. ]
K2: !!opencv-matrix
   rows: 3
   cols: 3
   dt: d
   data: [ 2.8710058374663419e+02, 0., 4.1904579518327267e+02, 0.,
       2.8693840589986081e+02, 4.0946474162639777e+02, 0., 0., 1. ]
D1: !!opencv-matrix
   rows: 4
   cols: 1
   dt: d
   data: [ -7.3591857896188302e-03, 5.7940816460389594e-02,
       -6.5095326257586461e-02, 1.8222758682818710e-02 ]
D2: !!opencv-matrix
   rows: 4
   cols: 1
   dt: d
   data: [ -7.3591857896188302e-03, 5.7940816460389594e-02,
       -6.5095326257586461e-02, 1.8222758682818710e-02 ]
R: !!opencv-matrix
   rows: 3
   cols: 3
   dt: d
   data: [ 9.9997705306595008e-01, -1.3232622895642460e-03,
       6.6439685769231777e-03, 1.3211960988343829e-03,
       9.9999907749188521e-01, 3.1536684515456572e-04,
       -6.6443797608618221e-03, -3.0658162308776004e-04,
       9.9997787886797873e-01 ]
T: [ -6.2935128528338977e-02, -3.0325034921304246e-04,
    4.7975818388804053e-04 ]
R1: !!opencv-matrix
   rows: 3
   cols: 3
   dt: d
   data: [ 9.9999340650067614e-01, 3.4973873416584340e-03,
       -9.7736224385649084e-04, -3.4972406956668058e-03,
       9.9999387312681409e-01, 1.5171140281032211e-04,
       9.7788684922173880e-04, -1.4829233148765030e-04,
       9.9999951087322769e-01 ]
R2: !!opencv-matrix
   rows: 3
   cols: 3
   dt: d
   data: [ 9.9995933819310934e-01, 4.8182632751683713e-03,
       -7.6227488093170859e-03, -4.8194066610229317e-03,
       9.9998837792833417e-01, -1.3163470262084702e-04,
       7.6220259665307558e-03, 1.6836647650293312e-04,
       9.9997093776414081e-01 ]
P1: !!opencv-matrix
   rows: 3
   cols: 4
   dt: d
   data: [ 6.1318779275649440e+01, 0., 3.8868052811834531e+02, 0., 0.,
       6.1318779275649440e+01, 4.4563461064014200e+02, 0., 0., 0., 1.,
       0. ]
P2: !!opencv-matrix
   rows: 3
   cols: 4
   dt: d
   data: [ 6.1318779275649440e+01, 0., 3.8868052811834531e+02,
       -3.8592621794873283e+00, 0., 6.1318779275649440e+01,
       4.4563461064014200e+02, 0., 0., 0., 1., 0. ]
Q: !!opencv-matrix
   rows: 4
   cols: 4
   dt: d
   data: [ 1., 0., 0., -3.8868052811834531e+02, 0., 1., 0.,
       -4.4563461064014200e+02, 0., 0., 0., 6.1318779275649440e+01, 0.,
       0., 1.5888731167726764e+01, 0. ]
raw_width: 848
raw_height: 800
output_width: 240
output_height: 180
resize_factor: 1
f: 613
baseline: 6.28937811e-02
cx: 389
cy: 446
offset_x: 267 #14
offset_y: 356 #441
output_cx: 120
output_cy: 90
raw_fps: 30
